0.1808187 0.2351286 0.5840527
0.4269242 0.1336054 0.4394704
0.4646862 0.2502763 0.2850375
0.3378935 0.5376599 0.1244466
0.1695438 0.6828254 0.1476308
0.1989925 0.2045511 0.5964564
0.1174943 0.5925258 0.2899799
0.0029436 0.4924165 0.50464
0.0 0.0 1.0
0.2955746 0.1404304 0.563995
0.1560793 0.277503 0.5664177
0.2404839 0.1615813 0.5979348
0.6588089 0.3063099 0.0348811
0.01022 0.6004584 0.3893216
0.0544823 0.3479201 0.5975976
0.572997 0.2370974 0.1899057
0.1963116 0.1489709 0.6547176
0.1961291 0.6273027 0.1765682
0.502845 0.25524 0.241915
0.5210869 0.2157538 0.2631593
0.0274538 0.1282186 0.8443276
0.4730509 0.2403563 0.2865928
0.8554308 0.0294881 0.1150812
0.1105146 0.5127394 0.3767459
0.3362666 0.0761445 0.587589
0.0 1.0 0.0
0.2744062 0.5995333 0.1260606
0.0 1.0 0.0
0.9986344 0.0000605 0.0013052
0.728622 0.0660472 0.2053307
0.1498294 0.5058722 0.3442984
0.1905449 0.323672 0.4857831
0.3208482 0.2704539 0.4086979
0.1940451 0.3880411 0.4179137
0.2126788 0.6822974 0.1050237
0.0607127 0.4319005 0.5073868
0.6523228 0.2755935 0.0720837
0.2323797 0.470634 0.2969864
0.0202635 0.9266677 0.0530688
0.6154724 0.0175947 0.3669329
